994
996
993
961
943
739
413
998
701
888
949
992
945
991
293
990
988
995
965
874
922
968
983
702
985
984
982
976
981
980
979
978
977
975
974
973
972
971
970
969
967
966
964
947
959
956
955
954
951
948
946
940
927
864
647
952
554
867
936
758
887
692
942
924
931
929
923
912
890
790
957
896
905
906
902
892
878
792
871
885
889
886
883
869
741
872
882
881
875
860
861
901
857
987
950
941
933
934
932
598
926
921
920
919
917
916
914
913
910
908
907
904
903
900
899
895
891
884
879
877
873
868
858
854
851
774
769
762
754
733
590
518
491
352
230
928
323
485
487
532
747
689
690
691
730
731
740
745
750
756
757
763
765
771
778
780
788
784
785
789
794
795
799
798
804
805
807
811
814
816
817
819
822
824
826
829
830
831
835
837
840
843
846
848
849
850
847
844
845
842
841
839
836
833
828
827
825
823
821
820
818
876
813
812
810
809
808
806
802
800
797
796
793
786
782
779
775
770
759
749
687
346
863
522
577
693
725
727
724
678
760
761
897
862
880
326
866
852
496
618
918
768
870
856
781
744
495
748
688
898
834
815
855
526
746
743
838
783
773
766
751
732
791
195
475
679
705
715
710
694
576
787
777
764
755
752
742
738
728
681
468
753
391
552
619
646
629
612
584
735
713
527
138
476
540
568
737
566
548
734
698
546
313
383
507
533
539
529
505
685
722
704
633
188
261
406
405
260
528
543
572
580
588
573
501
236
718
377
542
596
680
695
700
712
716
656
719
723
721
720
714
711
708
706
703
699
696
686
683
682
661
563
515
477
424
726
241
306
379
458
484
512
520
536
545
574
551
595
600
606
626
632
637
642
644
650
652
653
639
662
664
666
669
672
673
676
675
674
671
670
668
667
665
663
660
659
658
657
655
654
651
649
648
645
643
641
638
636
707
635
634
631
630
628
615
627
625
624
591
623
622
621
620
617
614
613
611
610
609
608
607
535
604
603
616
601
599
597
538
594
562
592
589
587
586
583
582
581
579
578
575
570
569
567
565
560
557
553
602
311
517
549
547
544
541
537
531
530
640
571
585
525
521
519
516
514
509
502
186
499
494
474
481
480
479
473
471
470
447
432
416
404
394
388
375
370
360
191
354
349
307
290
273
248
523
233
189
180
132
3
677
20
163
197
357
218
237
268
275
500
308
318
328
339
351
359
362
363
371
373
385
390
396
397
398
400
401
402
358
407
409
412
418
421
426
429
430
435
438
443
451
452
422
455
457
459
462
464
297
467
466
463
461
460
456
454
453
450
449
444
442
441
440
434
433
431
445
428
427
425
420
417
415
411
403
384
381
372
366
353
319
277
504
217
243
281
278
274
561
246
208
76
317
367
144
27
513
389
199
336
492
510
508
498
483
469
387
282
295
524
488
555
341
482
489
478
472
173
437
380
327
300
253
305
320
493
378
250
414
439
436
423
361
355
332
314
193
141
254
382
408
209
174
294
399
392
374
369
340
410
309
337
331
315
245
187
214
213
172
7
265
239
256
298
284
251
24
170
257
255
252
222
269
247
17
270
258
229
204
226
225
216
200
178
242
238
223
206
196
184
153
31
108
192
146
853
8
16
127
18
23
26
36
37
41
44
49
57
69
73
79
81
111
118
120
54
121
123
122
64
119
117
116
115
107
113
110
109
105
101
94
65
80
77
67
74
63
62
56
53
50
48
43
40
39
38
34
22
21
15
30
10
35
5
2
1
0
150
832
803
736
767
729
534
559
490
497
511
506
114
419
106
139
325
147
167
166
133
157
158
156
162
171
194
211
220
219
224
215
227
221
228
234
235
154
210
11
212
28
183
289
182
130
131
145
59
60
61
176
68
70
75
12
55
128
160
134
155
148
51
78
267
104
82
83
84
149
140
151
136
169
168
161
179
181
58
47
88
87
103
29
126
90
91
92
129
152
19
93
13
102
66
95
159
46
124
96
97
198
52
100
98
42
25
550
368
85
292
32
45
86
137
288
287
232
301
72
345
177
348
142
244
266
135
347
231
286
316
264
334
262
175
4
