999
997
998
996
916
992
990
989
988
993
987
986
985
984
983
982
981
980
979
978
977
995
994
944
971
972
974
936
937
938
939
943
942
947
940
941
967
966
965
964
962
960
959
955
970
954
951
950
949
969
968
956
935
904
933
899
898
895
894
893
892
900
890
889
932
931
963
928
927
719
923
871
921
920
734
919
917
914
913
961
912
851
848
841
911
910
833
829
827
826
824
822
820
818
836
816
909
973
908
976
907
902
789
897
693
888
887
886
885
879
884
882
881
877
876
875
702
874
873
834
869
868
867
866
865
863
859
858
747
857
856
723
708
855
695
675
667
654
650
646
645
678
642
641
640
637
636
635
676
672
634
633
632
631
627
626
622
613
853
852
850
847
846
840
661
614
838
835
591
825
819
817
815
813
812
808
805
802
800
794
795
793
792
791
785
778
776
495
773
770
262
488
763
958
759
756
750
748
745
743
742
740
739
738
741
736
428
733
732
727
721
720
716
715
386
714
712
711
707
700
699
698
697
692
691
690
688
686
685
681
677
671
670
664
652
644
74
639
628
624
621
609
607
602
595
583
581
580
579
567
558
539
531
522
504
501
499
498
493
273
471
467
455
440
438
436
422
419
413
402
395
387
569
383
533
368
359
351
322
307
306
294
287
265
267
119
120
108
101
95
81
69
65
64
51
33
31
9
8
85
302
336
391
220
217
210
276
251
260
253
32
246
244
242
239
238
235
222
214
224
110
23
22
450
197
348
304
271
240
223
202
180
186
491
167
162
161
156
155
154
153
19
148
319
139
132
129
113
47
100
86
11
60
45
28
114
505
975
957
953
952
948
946
945
934
930
925
924
922
918
915
906
905
901
762
891
883
880
878
872
500
870
862
861
854
849
929
845
844
843
926
837
832
823
809
839
803
787
779
769
757
746
433
572
655
718
735
730
728
725
903
713
710
705
696
689
615
601
600
596
593
494
553
619
662
565
864
860
515
481
476
435
370
540
509
574
582
571
337
831
790
801
798
797
806
811
810
796
799
786
781
768
777
767
766
754
751
106
760
758
752
753
764
765
2
771
772
429
774
775
218
780
783
784
749
737
687
381
682
804
703
660
52
726
517
545
616
525
524
542
526
516
547
535
603
604
584
611
610
599
729
731
490
588
724
144
233
466
465
347
346
73
264
382
340
485
407
247
371
372
231
401
355
121
390
443
295
72
285
423
666
717
788
608
427
99
286
464
105
457
506
374
701
261
454
417
489
497
706
83
289
290
38
564
207
538
137
623
284
684
201
150
570
151
683
326
40
744
680
400
157
212
446
420
421
6
194
164
234
669
694
190
127
364
461
462
123
49
393
396
552
663
204
308
191
605
183
656
658
659
159
665
674
473
472
546
228
18
638
704
629
527
416
444
367
618
237
182
606
503
361
171
196
648
179
630
597
657
317
221
166
513
625
193
511
279
528
521
518
573
520
323
259
536
529
544
612
549
620
548
562
557
559
245
243
577
578
575
649
484
585
586
587
543
412
541
138
227
479
226
310
213
216
537
366
507
343
339
178
523
432
211
463
551
592
384
447
125
514
208
492
477
722
369
203
448
97
512
441
354
458
170
200
409
362
389
377
199
482
404
379
431
430
399
398
198
405
437
555
425
439
459
470
647
451
452
475
480
449
195
442
426
293
292
252
291
281
165
184
456
230
42
392
63
135
192
115
116
136
275
53
342
328
160
321
274
268
365
282
249
345
327
270
332
376
314
189
311
375
174
266
344
341
397
388
373
363
297
187
358
424
315
330
78
312
313
325
185
36
169
300
263
41
130
168
124
298
90
89
27
299
301
320
478
278
303
283
331
152
112
181
80
43
316
102
329
333
335
48
177
309
58
176
338
146
84
158
71
510
142
93
88
175
133
59
109
418
134
44
277
34
79
248
107
10
35
118
67
173
70
77
87
357
172
56
7
1
55
128
57
411
46
94
709
91
104
25
232
229
76
50
209
29
4
653
453
496
24
30
117
445
98
651
92
0
