999
998
997
996
995
994
993
992
991
989
988
987
990
986
984
983
980
979
977
974
972
971
969
953
952
951
947
944
942
941
938
936
967
934
932
931
929
928
926
921
918
914
911
908
904
905
903
899
896
895
891
890
888
886
884
883
878
877
982
876
875
981
872
870
867
864
863
862
859
857
854
853
847
839
843
842
841
828
820
819
817
815
814
811
806
803
802
794
792
781
782
778
775
767
757
754
753
752
748
747
730
721
719
707
712
709
705
708
706
703
695
694
690
685
686
682
674
672
670
666
664
645
643
634
619
600
596
593
588
511
580
573
568
564
561
557
555
542
539
534
532
522
531
525
507
509
504
502
500
484
494
493
490
487
485
481
480
478
470
466
380
464
439
456
454
452
450
444
441
431
427
344
424
395
416
414
411
410
405
406
403
402
280
391
382
378
379
377
360
359
375
373
372
371
370
367
365
361
351
325
356
354
165
347
338
333
300
335
332
319
323
320
315
313
312
311
305
308
304
303
302
297
296
99
294
293
292
291
290
287
279
286
284
285
283
278
275
274
188
269
252
263
261
258
257
256
255
254
251
249
248
247
246
245
244
243
241
240
239
236
235
234
233
232
229
228
227
226
225
224
223
222
221
220
219
218
217
216
215
214
213
212
211
210
209
208
207
206
205
204
203
202
201
200
199
196
120
194
191
187
185
183
182
181
179
965
177
175
170
161
169
168
167
166
164
162
158
156
155
154
153
152
151
150
149
148
147
146
145
144
143
142
141
140
139
138
137
136
135
134
133
131
130
129
128
127
125
124
121
640
118
95
114
109
107
106
105
103
88
100
97
94
92
76
91
89
86
85
84
83
80
78
66
69
68
67
54
65
62
61
59
58
56
53
52
51
49
46
41
38
37
36
32
31
30
28
26
25
24
22
20
19
17
14
12
10
7
5
4
0
960
964
956
966
962
961
959
958
957
237
978
976
975
954
973
467
970
968
955
949
948
950
946
945
940
937
935
933
943
927
924
923
922
920
939
916
915
910
906
902
477
930
894
925
889
882
880
917
871
868
866
865
912
913
860
852
907
840
829
900
898
897
901
816
874
807
873
796
795
788
784
887
768
761
758
756
885
729
723
704
701
697
693
893
892
689
679
676
766
659
869
624
567
563
556
538
527
520
519
858
506
465
461
460
818
425
420
881
415
408
879
385
366
355
327
316
783
299
298
289
861
282
270
238
230
193
192
190
180
171
671
856
159
126
123
122
117
115
110
104
827
836
835
102
837
838
821
826
834
833
824
832
831
830
823
368
822
93
90
87
79
75
64
60
812
57
810
48
45
804
42
799
35
798
33
793
27
18
16
383
13
11
851
785
8
2
773
774
772
769
850
849
844
846
845
724
710
734
692
23
612
611
610
687
637
644
759
609
750
358
715
295
718
725
746
749
745
518
813
350
82
809
81
541
628
40
722
15
9
1
112
800
720
801
388
570
791
352
621
797
174
132
678
499
528
548
677
498
786
618
646
789
716
790
713
805
787
726
453
780
433
348
765
399
623
160
779
776
50
639
363
512
638
458
777
6
346
629
530
476
770
443
310
771
731
72
273
763
29
554
116
711
423
442
755
349
553
529
743
751
737
421
744
740
741
342
189
733
736
474
727
738
345
3
714
21
728
173
717
604
698
691
71
39
702
700
683
675
684
681
668
667
665
111
680
660
699
650
653
669
648
649
909
658
597
635
641
655
590
576
598
633
339
732
647
603
591
599
562
602
613
579
594
661
656
559
546
662
558
549
589
651
617
615
636
77
552
560
550
565
551
632
569
306
566
625
642
626
673
489
575
488
545
855
268
582
584
389
510
497
571
517
451
483
459
397
764
404
392
417
386
445
620
595
587
390
455
547
387
398
544
407
508
631
409
515
430
432
457
491
396
479
362
413
336
472
446
419
426
760
505
317
463
357
762
516
526
34
