999
998
997
994
988
989
995
990
991
992
996
987
993
986
984
985
982
981
975
969
965
983
978
977
976
974
970
905
980
967
899
915
926
928
925
724
923
922
906
920
917
913
793
909
743
901
664
889
623
884
911
155
554
755
881
731
875
780
408
874
291
847
867
938
198
794
174
82
714
856
855
854
339
550
575
610
668
726
752
761
785
807
818
848
850
871
876
919
929
580
844
211
835
820
863
541
648
646
684
735
749
784
797
859
879
885
916
496
701
787
778
431
535
775
656
908
432
769
757
781
636
750
746
226
638
171
427
556
637
667
677
738
799
834
849
160
886
106
75
721
453
409
707
640
519
404
590
597
691
706
753
782
845
864
895
545
332
680
669
662
659
658
602
168
693
180
110
215
371
477
544
573
584
586
600
607
611
614
622
627
643
649
661
699
715
747
846
877
632
630
460
626
393
624
262
475
616
570
606
16
335
439
505
596
704
741
587
428
762
125
578
33
316
438
478
521
567
635
651
675
792
552
269
547
462
42
293
412
480
516
533
806
122
94
347
278
365
398
434
464
473
499
523
583
617
808
63
518
55
352
515
30
506
400
249
349
45
237
368
388
396
403
423
440
448
451
463
510
520
527
555
562
577
618
652
670
708
723
754
772
534
729
455
323
450
449
221
435
426
417
38
192
310
331
367
376
401
421
538
561
594
391
222
29
182
247
295
312
318
366
378
419
429
502
576
21
263
286
330
340
348
361
374
381
394
415
471
546
673
338
342
115
244
322
382
621
304
301
557
288
284
238
689
114
176
181
202
242
272
289
314
333
363
383
436
470
593
644
687
461
486
251
228
248
246
239
230
134
58
138
195
219
275
302
327
405
444
629
351
199
60
96
128
137
140
167
184
234
276
294
317
353
416
709
164
483
156
243
144
397
27
51
84
92
132
143
131
465
524
123
108
482
1
41
62
77
83
95
166
194
224
254
512
560
86
36
954
35
67
513
72
563
56
490
14
43
39
101
154
494
309
20
17
5
6
223
532
8
26
89
268
918
73
665
102
825
773
424
100
53
34
232
68
117
356
175
12
24
0
10
13
15
18
19
22
23
31
32
28
40
46
49
50
52
54
57
65
61
64
69
74
76
112
79
81
88
90
98
70
103
105
107
109
111
59
116
118
121
126
130
133
385
135
119
139
145
146
148
151
153
157
159
161
162
163
165
152
169
173
177
179
104
186
87
188
190
187
252
191
196
200
201
203
206
209
210
216
213
214
218
172
220
225
227
229
231
233
235
240
245
250
256
257
259
270
271
149
274
279
280
281
285
297
298
300
303
306
253
308
311
313
315
319
321
324
325
328
329
80
334
337
341
344
350
354
357
364
343
358
370
369
372
296
373
375
384
386
387
395
399
402
406
407
413
414
418
422
299
433
430
437
442
443
446
447
454
456
459
466
468
469
474
476
485
488
491
481
492
472
493
495
498
501
504
392
508
517
183
522
525
503
526
528
529
531
598
536
540
542
543
549
551
553
558
559
564
565
566
568
660
569
571
572
574
579
581
585
592
599
601
604
605
608
613
615
620
625
467
507
628
631
634
639
642
645
647
650
653
654
655
657
663
666
671
672
725
674
679
683
685
690
692
696
705
711
713
716
719
720
722
727
728
730
733
737
739
740
742
745
748
751
756
759
760
765
766
768
776
777
779
786
178
788
789
790
795
798
801
802
805
809
810
811
812
814
817
819
822
823
827
828
832
833
836
838
839
841
843
842
840
837
831
830
826
824
821
815
813
804
796
770
763
758
744
736
732
359
264
267
48
960
189
718
11
66
7
147
217
277
425
530
47
489
37
85
129
205
588
266
484
603
25
91
197
127
261
305
124
158
282
380
686
694
458
120
193
258
445
500
355
390
767
113
712
212
287
326
509
457
548
609
255
265
307
99
236
290
336
377
420
589
700
97
207
273
2
283
346
204
3
141
150
345
410
539
612
676
241
93
320
44
389
641
142
208
260
441
292
497
71
582
170
633
950
872
971
973
979
972
968
966
964
962
945
619
907
803
710
682
930
411
961
9
511
956
959
963
937
941
940
942
947
948
949
943
952
946
957
958
362
774
944
78
910
924
931
933
934
932
921
936
927
904
360
903
897
893
898
891
914
878
791
771
866
880
888
894
890
870
852
902
882
887
698
829
857
537
734
703
851
853
702
764
896
860
681
695
591
869
452
4
