995
996
999
961
988
998
986
997
982
981
994
979
978
993
975
991
974
973
971
970
967
965
989
969
968
966
962
959
985
984
983
987
953
936
954
952
949
976
948
946
935
938
940
941
942
939
943
944
932
931
930
929
928
921
922
923
924
925
926
920
919
916
915
913
911
869
909
910
908
907
906
905
904
903
902
900
897
896
892
893
891
890
889
886
887
876
873
874
600
790
779
757
872
220
827
161
98
564
617
669
372
681
218
694
733
622
386
645
433
608
648
603
631
789
395
147
41
156
713
559
736
695
672
640
590
543
573
285
660
651
610
581
540
529
595
517
500
484
457
377
201
18
612
636
291
513
546
653
621
583
592
554
525
560
502
439
429
370
217
8
537
599
12
15
21
26
14
30
594
53
29
34
38
413
42
436
48
51
469
508
54
576
562
514
488
471
520
449
361
243
203
109
646
504
558
68
63
79
81
541
481
485
82
615
64
85
531
643
129
101
106
114
428
445
578
553
521
498
480
455
461
430
464
421
394
348
265
235
160
59
119
579
103
447
510
124
126
111
153
130
116
141
133
139
497
472
462
137
140
134
142
408
144
146
150
536
427
423
376
341
35
135
157
52
162
170
463
171
384
173
321
175
388
181
466
415
401
184
187
231
190
194
364
381
398
483
434
409
407
405
402
390
389
382
375
368
362
357
332
226
486
399
426
205
208
359
214
367
412
403
371
222
225
227
418
383
229
237
356
239
258
311
411
387
378
366
353
324
247
323
347
256
262
342
343
360
344
325
319
277
339
335
317
328
351
296
297
322
837
316
738
533
535
254
542
523
574
723
506
435
424
0
499
397
374
303
314
352
349
346
309
373
306
305
304
308
307
312
292
334
320
282
310
420
250
350
271
261
336
169
164
117
327
75
313
302
561
195
605
178
56
192
180
154
315
163
89
71
112
90
76
318
43
24
812
839
299
300
326
329
330
284
331
333
337
286
275
268
354
338
358
267
298
272
259
363
270
264
224
369
257
295
281
274
236
223
380
293
280
246
385
391
287
340
198
396
290
233
379
288
273
244
432
199
406
410
414
185
216
127
446
393
283
266
260
253
245
210
240
212
234
230
215
211
204
202
193
179
159
99
301
221
417
248
419
425
278
431
232
437
155
438
440
491
276
241
168
50
443
444
448
450
72
452
416
453
473
456
474
459
182
460
478
470
167
118
467
458
468
475
476
132
495
479
482
454
503
487
489
492
96
149
19
507
545
493
441
345
263
228
219
209
207
196
188
183
177
172
145
151
110
87
70
57
494
158
186
505
501
496
509
92
511
512
490
515
516
477
530
191
121
93
518
465
544
522
251
95
294
524
547
527
528
249
143
100
532
73
538
539
548
25
97
598
565
400
355
668
242
197
189
174
166
148
83
138
84
86
125
120
94
104
74
36
22
549
289
108
678
550
568
555
238
47
556
567
557
566
404
62
9
563
571
780
569
591
572
49
577
580
582
584
44
644
585
526
213
165
152
136
115
32
105
33
88
39
80
78
46
23
17
11
587
279
61
589
102
597
596
601
602
604
625
606
586
16
607
609
627
611
392
613
632
633
614
616
628
619
7
682
552
620
422
365
200
534
131
123
107
91
77
1
66
2
55
6
40
31
10
13
45
269
20
623
624
575
647
629
634
635
618
37
637
655
638
749
206
641
661
642
649
650
704
652
176
782
27
654
255
626
777
656
663
658
570
659
662
664
665
593
673
58
3
667
670
671
630
675
674
831
676
679
696
701
683
684
685
686
688
707
5
689
690
691
551
711
693
714
716
697
698
719
699
718
700
128
702
715
712
705
710
709
451
740
730
728
706
708
721
722
823
739
724
725
666
720
726
727
703
751
729
680
744
731
734
754
687
735
737
639
742
755
760
743
745
753
763
748
752
841
762
756
747
717
677
759
741
761
692
657
764
765
769
774
844
766
746
818
768
770
783
772
786
775
778
781
787
122
771
785
833
788
802
776
855
792
113
793
773
794
819
795
798
806
801
838
750
65
804
791
807
799
800
797
808
809
816
810
784
811
813
814
815
822
817
805
821
252
849
824
825
828
829
767
832
732
836
60
826
803
848
840
842
843
847
850
852
851
835
854
796
856
846
859
860
862
863
865
864
588
861
858
853
820
937
980
992
990
972
963
955
964
958
960
950
957
947
885
951
934
69
899
882
933
927
912
914
918
917
945
956
898
894
881
878
877
880
875
884
866
857
883
871
758
834
868
830
867
67
442
888
870
845
895
4
28
519
