999
998
997
996
995
994
993
992
991
989
990
987
988
986
985
984
983
981
979
982
838
361
946
973
971
969
977
632
744
968
849
953
355
865
963
775
416
634
312
451
778
850
926
976
925
974
747
438
871
713
711
699
887
397
144
756
700
422
975
811
766
837
434
727
735
710
309
965
609
569
962
947
954
927
342
944
71
940
672
845
931
579
651
465
805
921
750
902
751
557
909
922
893
716
882
876
702
864
852
331
616
341
823
402
693
360
905
250
348
419
793
439
436
384
705
280
780
506
290
283
359
759
379
366
350
239
878
745
742
741
736
824
862
522
851
732
825
860
286
318
324
335
723
285
690
717
529
311
315
715
313
303
304
302
369
301
537
238
694
237
692
540
224
201
217
221
243
252
262
263
267
271
272
687
273
270
697
266
407
261
542
413
255
253
251
404
242
220
200
642
771
677
206
800
673
208
216
223
668
222
219
665
855
205
167
181
193
196
720
198
656
197
195
299
184
847
188
298
844
843
553
161
175
653
704
652
791
153
163
165
166
171
649
173
647
170
164
162
157
152
145
132
646
640
150
637
65
104
116
130
131
134
136
638
126
32
123
635
631
728
630
628
627
43
115
28
626
119
615
442
118
117
114
113
110
730
106
621
90
619
669
94
617
89
613
608
618
607
707
606
75
604
691
511
48
601
599
598
600
596
49
61
60
70
591
590
44
587
586
512
622
584
495
41
39
231
810
31
712
215
739
767
737
578
733
869
154
160
562
86
729
139
92
274
731
709
708
72
102
664
97
639
58
492
67
12
479
322
468
354
373
365
440
59
334
347
259
405
719
340
213
575
418
644
325
306
305
650
258
477
489
289
774
288
454
156
5
257
230
256
77
571
670
177
463
214
236
260
228
501
211
194
210
234
658
36
186
517
421
493
655
203
158
137
159
178
202
525
87
122
18
101
83
73
93
81
120
50
47
46
696
29
27
387
21
23
16
14
467
515
4
199
527
0
91
3
510
563
42
6
612
9
636
666
20
37
351
22
25
185
582
26
561
605
577
66
34
19
581
460
109
76
54
108
53
33
15
589
597
580
558
556
526
138
475
543
146
595
594
427
620
169
78
588
168
35
583
176
593
182
602
105
96
645
541
180
95
45
107
316
643
268
212
112
111
55
74
592
480
545
287
233
133
125
183
192
124
30
57
415
453
142
265
121
172
657
174
281
103
88
179
443
552
641
676
7
551
189
611
207
314
209
372
576
548
229
327
204
326
240
296
98
246
684
68
148
534
809
524
523
520
519
516
514
585
504
500
498
497
494
127
496
490
488
483
484
478
476
474
464
462
323
456
555
888
444
433
431
449
430
420
417
412
799
547
399
358
423
385
629
539
368
683
362
721
346
625
339
574
528
375
461
310
143
291
603
521
232
403
247
502
56
505
297
409
317
754
481
320
235
680
470
469
836
330
441
765
689
535
897
293
671
549
509
406
396
388
353
538
321
292
826
343
187
128
518
275
381
934
738
452
446
788
411
870
349
914
410
499
980
978
328
414
972
966
191
100
961
938
960
679
52
970
84
307
364
674
435
544
155
951
936
695
829
866
964
967
559
913
1
294
390
389
952
816
367
471
536
356
678
377
685
382
383
374
450
949
473
487
486
508
507
533
531
546
554
919
917
920
896
907
445
891
941
904
948
853
903
911
910
916
923
912
929
935
513
924
943
530
532
957
942
958
955
959
892
873
817
573
572
564
734
770
757
743
846
785
804
807
937
835
928
848
883
886
915
820
932
458
939
565
884
933
918
560
568
945
567
950
722
686
432
726
746
831
781
784
798
808
830
874
867
895
908
338
277
885
426
300
930
249
276
370
337
394
491
898
248
357
391
814
264
8
623
663
768
879
900
706
718
861
329
760
769
787
792
226
815
863
877
890
80
875
789
698
485
868
872
241
386
85
395
319
282
345
899
801
827
841
797
819
795
828
225
661
764
753
749
295
245
725
662
378
278
99
392
352
140
401
363
284
227
2
